4294967279,66
4294967279,65
4294967279,63
4294967279,62
4294967279,61
4294967279,60
4294967279,59
4294967279,58
4294967279,57
4294967279,55
4294967279,54
4294967279,53
4294967279,51
4294967279,50
4294967279,49
4294967279,47
4294967279,46
4294967279,45
4294967279,44
4294967279,43
4294967279,38
4294967279,37
4294967279,34
4294967279,33
4294967279,31
4294967279,30
4294967279,28
4294967279,26
4294967279,25
4294967279,24
4294967279,22
4294967279,21
4294967279,19
4294967279,18
4294967279,16
4294967279,14
4294967279,13
4294967279,12
4294967279,11
4294967278,132
4294967278,131
4294967278,130
4294967278,129
4294967278,128
4294967278,127
4294967278,126
4294967278,125
4294967278,298
4294967278,124
4294967278,123
4294967278,293
4294967278,122
4294967278,121
4294967278,120
4294967278,247
4294967278,119
4294967278,118
4294967278,243
4294967278,117
4294967278,241
4294967278,116
4294967278,115
4294967278,430
4294967278,114
4294967278,113
4294967278,235
4294967278,112
4294967278,111
4294967278,110
4294967278,109
4294967278,108
4294967278,107
4294967278,106
4294967278,284
4294967278,105
4294967278,219
4294967278,104
4294967278,103
4294967278,215
4294967278,102
4294967278,101
4294967278,429
4294967278,100
4294967278,99
4294967278,98
4294967278,97
4294967278,96
4294967278,274
4294967278,95
4294967278,94
4294967278,273
4294967278,93
4294967278,389
4294967278,92
4294967278,91
4294967278,90
4294967278,89
4294967278,87
4294967278,401
4294967278,42
4294967278,400
4294967278,40
4294967278,431
4294967278,0
4294967278,410
4294967279,225
4294967279,104
4294967279,102
4294967279,431
4294967279,100
4294967279,393
4294967279,93
4294967279,304
4294967279,84
4294967279,392
4294967279,82
4294967279,80
4294967279,301
4294967279,78
4294967279,299
4294967279,74
4294967279,297
4294967279,72
4294967279,384
4294967279,68
4294967279,429
4294967279,67
4294967279,428
4294967279,64
4294967279,425
4294967279,296
4294967279,441
4294967279,56
4294967279,318
4294967279,52
4294967279,48
4294967279,410
4294967279,435
4294967279,42
4294967279,316
4294967279,41
4294967279,293
4294967279,40
4294967279,401
4294967279,39
4294967279,36
4294967279,32
4294967279,314
4294967279,27
4294967279,138
4294967279,23
4294967279,20
4294967279,288
4294967279,0
4294967279,426
4294967279,9
4294967279,8
4294967279,7
4294967279,437
4294967279,6
4294967279,275
4294967279,5
4294967279,281
4294967279,4
4294967294,438
4294967294,97
4294967294,61
4294967294,189
4294967294,190
4294967294,11
4294967294,46
4294967294,115
4294967294,165
4294967294,113
4294967294,167
4294967294,177
4294967294,184
4294967294,384
4294967294,188
4294967294,185
4294967294,175
4294967294,183
4294967294,176
4294967279,35
4294967279,315
123,3
4294967279,292
4294967279,142
4294967279,29
4294967279,385
130,6
130,5
4294967279,279
130,4
130,3
130,2
130,1
4294967294,22
4294967294,1420
4294967294,128
4294967279,308
4294967294,81
4294967294,50
4294967279,313
4294967279,290
0,5
4294967279,17
4294967279,289
4294967279,15
4294967279,268
129,6
129,5
129,4
129,3
129,2
129,1
4294967279,277
4294967279,10
0,7
4294967279,264
4294967294,68
4294967294,1
4294967294,5
4294967294,17
4294967294,67
4294967294,99
4294967294,451
4294967294,599
4294967294,422
4294967294,12
4294967294,160
4294967294,119
4294967294,1418
4294967294,2
4294967294,488
4294967294,1067
4294967294,0
4294967294,1166
4294967294,1423
4294967294,1421
4294967294,1163
4294967294,92
4294967294,91
4294967294,90
4294967294,88
4294967294,87
4294967294,86
4294967294,85
4294967294,426
4294967294,43
4294967294,45
4294967294,430
4294967294,44
4294967294,95
4294967294,93
4294967294,1419
4294967294,94
4294967294,96
4294967294,84
4294967294,8
4294967294,9
4294967294,394
4294967294,24
4294967294,487
4294967294,1424
4294967294,39
4294967294,42
4294967294,36
4294967294,38
4294967294,37
4294967294,41
4294967294,40
4294967294,129
4294967294,413
4294967294,484
4294967294,25
4294967294,155
4294967294,29
4294967294,158
4294967294,28
4294967294,1083
4294967294,27
4294967294,156
4294967294,26
4294967294,417
4294967294,51
4294967294,52
4294967294,53
4294967294,1425
4294967294,1422
4294967294,7
4294967294,6
4294967278,450
4294967293,131
4294967293,130
4294967293,129
4294967293,128
4294967293,127
4294967293,126
4294967293,125
4294967293,124
4294967293,123
4294967293,122
4294967293,121
4294967293,120
4294967293,119
4294967293,118
4294967293,117
4294967293,116
4294967293,115
4294967293,114
